1 49
4194305 18
2049 29
32769 25
17 36
17179869185 11
16385 26
134217729 18
9 37
67108865 19
8193 27
274877906945 7
5 38
137438953473 8
4097 28
33554433 20
3 39
68719476737 9
34359738369 10
65537 24
33 35
16777217 19
131073 23
268435457 17
65 34
549755813889 6
536870913 16
262145 22
129 33
1099511627777 5
524289 21
1073741825 15
257 32
2147483649 14
1048577 20
2199023255553 4
513 31
4398046511105 3
2097153 19
4294967297 13
1025 30
8796093022209 2
8388609 18
8589934593 12
17592186044417 1
8598323201 7
17592194433025 1
17592186045441 1
8804682956801 2
8796093023233 2
8589935617 7
4294968321 8
17596481011713 1
12884901889 7
4297064449 8
8592031745 7
8796095119361 2
2098177 14
10485761 15
4398054899713 3
4398048608257 3
17592186044929 1
4398046512129 3
8796093022721 2
8589935105 7
4294967809 8
2097665 14
4398046511617 3
2199023256065 4
17592187092993 1
4398047559681 3
2199024304129 4
9437185 14
3145729 15
1049601 15
1049089 15
4296015873 8
10737418241 7
2201170739201 4
8798240505857 2
2155872257 9
6442450945 8
2149580801 9
2148532225 9
2147484673 9
2147484161 9
17592186044673 1
8796093022465 2
4398046511361 3
2199023255809 3
4294967553 8
8388865 13
1281 25
1048833 15
2147483905 9
17593259786241 1
9663676417 7
4399120252929 3
5368709121 8
3221225473 9
1082130433 10
1074790401 10
1073742337 10
1073742081 10
8796093546497 2
4398047035393 3
2148007937 9
2199023779841 4
2621441 15
524801 16
524545 16
1074266113 10
1108101562369 2
1099513724929 5
1099512152065 5
1099511628033 3
17592186044545 1
8796093022337 2
4398046511233 2
2147483777 9
2199023255681 2
524417 16
1153 25
641 26
1073741953 10
1099511627905 2
2199023517697 4
4398046773249 3
1099511889921 5
8650753 13
8590196737 10
2359297 14
1310721 15
263169 17
1074003969 10
1572865 15
4398046519297 3
17600775979009 1
17592186052609 1
69633 19
2199023386625 4
68719484929 8
1099511635969 5
4259841 13
268443649 12
1056769 15
37 30
139265 18
824633720833 1
8257 22
8197 22
137438954497 5
2199023271937 4
537395201 11
1099578736641 5
8797166764033 2
274945015809 7
73 29
2113537 14
294913 17
34426847233 5
603979777 11
8657043457 7
34359738373 5
69206017 14
83886081 14
67108869 14
17729624997889 1
1100585369601 5
2214592513 9
137438969857 8
38654705665 5
2199023255561 1
137438953481 3
1374389534721 1
589825 16
17314086913 6
68719476745 4
4294967305 8
268435465 12
1073741833 10
2203318222849 4
16777225 14
8590065665 11
4161 23
618475290625 1
805306369 11
1103806595073 3
4295229441 9
536871937 11
4466765987841 1
549755822081 6
8195 22
268435969 12
1033 25
2233382993921 1
4406636445697 3
16793601 14
2147483665 9
8705 22
549755813905 2
4398180728833 3
2199023263745 4
2199157473281 4
335544321 12
270337 17
549890031617 6
137573171201 5
1099511628801 5
8389121 13
8724152321 7
1048579 15
1073741841 10
1207959553 10
671088641 11
17179871233 6
402653185 12
167772161 13
150994945 13
68786585601 5
135266305 13
4609 23
134221825 13
17592186046465 1
134217793 13
4432406249473 2
134217761 13
134217737 13
134217733 13
137441050625 8
8796093038593 2
262153 17
8519681 13
4398046527489 3
34359754753 9
536887297 11
67125249 14
517 26
540673 16
278529 17
33570817 15
147457 18
100663297 14
4398046543873 3
4328521729 8
17179869187 6
16897 21
4294975489 8
2097185 14
8589934849 7
16513 21
67108873 14
274877908993 6
134217985 13
18433 21
541065217 11
16641 21
17609365913601 1
1116691496961 1
134742017 13
67108867 14
4415226380289 3
4198401 13
549755813897 1
566935683073 1
137438953477 3
17592219598849 1
2057 24
154618822657 3
137506062337 6
67108929 14
75497473 14
85899345921 4
17196646401 6
2216203124737 2
51539607553 5
19327352833 6
32785 20
2099201 14
17716740097 6
274877906949 2
4194433 13
532481 16
68719476739 4
8796109799425 2
103079215105 4
1099511629825 5
17594333528065 1
549755846657 6
145 28
4227073 13
8388617 14
8912897 13
16387 21
68853694465 4
32771 20
67108993 14
8396801 13
549755815937 6
20481 21
1099511627793 1
274877906953 2
8589936641 7
33587201 15
2147483657 9
1073743873 10
8590458881 9
4398046511169 1
138412033 13
8933531975681 1
1099511644161 5
67109377 14
536872961 11
1099512676353 5
8796093054977 2
17179870209 6
34359738433 5
1064961 15
134219777 13
4210689 13
549755830273 6
4718593 15
206158430209 3
549756862465 6
526337 16
138512695297 3
2561 24
2113 24
264193 17
549755813953 1
137438961665 8
68157441 14
13 32
4196353 13
274877907457 4
8589934601 7
4303355905 8
17184063489 7
2097281 14
1099645845505 5
17179869313 6
268435461 12
16777233 14
21474836481 6
16393 21
8796093024257 2
2051 24
4294967313 8
786433 16
274882101249 7
8589950977 9
4194313 15
8796093026305 2
133121 18
34896609281 5
67109889 14
4398046515201 3
25769803777 6
131089 18
71303169 14
17179869217 6
274877915137 7
4194309 14
37748737 15
536870977 11
67585 19
12582913 15
20971521 14
68719476865 4
34359740417 6
67110913 14
65545 19
35651585 15
77309411329 4
268435489 12
2305 24
4194307 15
67633153 14
549755817985 6
137439477761 8
17180000257 11
17180131329 11
136314881 13
17179869201 6
32777 20
34359738625 5
4325377 13
549760008193 6
4398063288321 3
4294983681 9
536875009 11
4456449 14
201326593 13
33554437 15
8796101410817 2
134225921 13
17179869441 6
139586437121 3
131201 18
16777249 14
17592186060801 1
131081 18
17592454479873 1
274877906977 2
10241 22
2199027449857 4
69256347649 4
8449 22
1077936129 10
2065 24
4129 23
274877939713 7
2147491841 9
268437505 12
2181038081 9
134250497 13
16777473 14
4398050705409 3
274877907201 3
4194561 13
536870921 11
5242881 14
68719478785 6
68719476741 4
65553 19
16417 21
4194817 13
2281701377 9
4101 23
17179901953 10
549764202497 6
17592186077185 1
68719607809 9
17592186044481 1
1179649 15
259 27
8390657 13
34628173825 5
8201 22
137438953489 3
21 31
34359803905 10
4299161601 8
1099528404993 5
17213423617 6
67141633 14
9217 22
270532609 12
4398583382017 3
1099511627785 1
6291457 15
273 27
8594128897 7
8813272891393 2
137443147777 8
67108897 14
4294967329 8
32897 20
34360262657 10
2200096997377 4
1048593 15
4294967425 8
2473901162497 1
8321 22
1610612737 10
33793 20
36865 20
2207613190145 3
16389 21
2097409 14
8209 22
1140850689 10
8796097216513 2
132097 18
2151677953 9
67174401 14
549822922753 6
17179869249 6
268959745 12
68727865345 8
163841 18
68719493121 9
2199023255617 1
33554449 15
268435473 12
557057 16
1081345 15
8388625 13
1236950581249 1
8796093087745 2
2129921 14
69793218561 4
8796093030401 2
412316860417 2
268439553 12
33562625 15
81921 19
1099511660545 5
4195329 13
262401 17
67108881 14
34359746561 8
536903681 11
68719477761 5
1073774593 10
4429185025 8
33556481 15
4294967361 8
549755813921 1
65601 19
265 27
274878431233 7
8796227239937 2
134348801 13
68719509505 9
67112961 14
8589934721 7
137438986241 8
1099511627841 1
2147500033 9
134217857 13
17179934721 11
17867063951361 1
19 31
2147487745 9
171798691841 3
528385 16
8421377 13
8606711809 7
25 31
17179877377 8
16785409 14
49 30
2199291691009 4
33554441 15
32801 20
274877906947 2
81 29
137439215617 8
98305 19
4398113619969 3
529 26
67371009 14
4113 23
1099511628289 4
41 30
309237645313 2
275012124673 6
8388673 13
17188257793 6
262161 17
524305 16
67109121 14
137439084545 8
33025 20
68723671041 9
137455730689 8
8796093153281 2
32773 20
134217745 13
17825793 14
131075 18
537919489 11
536870929 11
24577 21
8589934609 7
17592190238721 1
274877907073 2
3073 24
274877923329 7
73729 19
2164260865 9
549755814913 5
134283265 13
34359738385 5
134479873 13
34363932673 8
274877906961 3
2147516417 10
17039361 14
8796093284353 2
4194369 13
2147483651 9
40961 20
17179873281 7
17179869697 6
2199023288321 4
2105345 14
17180917761 9
17246978049 6
4294969345 8
2097157 15
16401 21
2199023257601 4
17448304641 6
16778241 14
2147483681 9
2199056809985 4
274877907009 2
385 27
4294967299 8
274877907969 5
274877972481 7
274878038017 7
274880004097 7
2199031644161 4
1075838977 10
274894684161 7
268697601 12
274911461377 7
275146342401 5
577 26
1041 25
16908289 14
275414777857 4
275951648769 3
277025390593 2
33554497 15
268451841 12
279172874241 2
142606337 13
262177 17
1027 25
34359738881 5
283467841537 2
268435713 12
266241 17
7 33
133 28
50331649 15
343597383681 2
65541 19
131077 18
549755813891 1
4194321 14
8796629893121 2
524293 16
17592188141569 1
8589942785 8
134